32478
5845
5102
10515
29191
13559
11758
27680
11002
25612
29221
3424
22218
9771
32342
1883
19055
28350
24925
12879
11963
28315
18111
4472
10384
27505
133
1423
20815
9830
25419
2193
5011
5630
10388
22209
16416
30527
19296
10480
28438
31251
4865
25596
363
3309
16426
24983
22167
2991
4169
13897
2705
21964
2838
6328
20475
4009
20076
20008
15001
4938
19545
16446
3592
21546
12145
8201
25773
14954
22887
14915
17131
14638
12254
24787
27289
9285
11132
3479
691
2312
23872
8801
26447
3716
24086
27199
13779
8411
23721
16384
26982
27623
15737
32243
7076
26913
301
6898
15766
1217
25898
6303
23777
7719
29284
9966
18749
26490
28276
8420
11817
26767
25324
18078
29918
10508
12007
22676
641
17869
22244
30751
9884
30086
1748
28985
19919
16554
31345
20868
19651
28812
16338
28815
22368
31173
2108
19796
30784
26069
31548
25861
7267
13
16370
26376
1828
18860
12464
27200
17003
31048
27844
1934
24357
2415
15505
32151
6641
6799
31717
16840
14364
11283
32390
8856
12496
28879
8974
24333
30344
17054
2041
22402
29895
31049
5885
15271
5642
10411
23194
22985
26107
2579
20977
29524
9191
5354
14041
14998
22898
2710
27184
24005
18826
31133
31343
17220
19353
31758
30849
23330
26367
13597
3798
10724
17087
21005
3763
28804
15736
4691
26572
5561
16792
6904
15892
13433
10700
6463
4564
29628
18875
30856
11770
2948
28403
12148
20660
6938
28195
26698
16958
13466
4236
2201
19961
16817
30130
23583
20924
9638
15703
26346
22382
16535
3497
8893
27861
14342
18875
11189
11689
10388
3122
8236
13293
9483
14913
14302
25215
9890
17111
22090
15853
21117
24086
7260
18314
14452
24840
15688
3777
28437
31117
6841
27818
12524
26264
27691
7643
24322
155
30101
11905
3235
9792
4428
27823
30820
24922
4388
21749
5733
22555
15064
11573
4052
24199
25516
16818
23474
15400
28496
30826
21722
31236
13832
11942
28991
19660
5642
5327
32373
28502
13351
31875
1907
333
12206
19688
18327
15912
19854
4416
20202
8280
24250
21950
15270
17606
26066
18072
11509
8828
16383
17758
21244
27298
21791
26762
16408
9389
4898
6488
24423
23251
14515
17368
13451
27330
13083
19777
18602
20113
4963
17544
26809
29175
24249
305
6395
26555
15894
9318
25028
4971
20765
12358
22915
6993
10309
10623
4095
13987
10810
30495
16097
11258
26753
29863
25459
5125
10075
27233
9639
13439
7405
24564
12379
1886
11165
32054
24283
16974
7103
27969
25512
29277
6257
30665
19576
32760
29635
17581
1917
12054
30236
32203
19946
28595
15577
17177
6068
4736
27702
9458
31893
13785
14450
6317
9815
32503
2606
7028
14415
29543
16919
30547
20520
1722
24516
24208
994
12415
4065
20795
281
7790
25998
261
12683
22246
17154
10070
2261
24474
13684
409
24445
15495
18491
26587
32565
23337
4916
12692
17502
15854
2148
23748
30924
31723
17630
11074
19401
26829
26855
10833
2908
30995
15193
22645
715
13947
7237
23941
8798
22714
2780
2304
21606
22128
17040
2724
9086
603
13174
6461
5649
2251
23023
31676
25372
24918
14727
10376
25653
2252
32541
28441
26829
5998
3653
24514
20146
1882
32234
26062
983
16202
18488
18383
21848
13694
12728
563
12217
16119
11197
12312
13423
24294
13824
30306
18593
10852
903
9482
303
5219
26315
696
4084
13797
18713
30357
5704
26220
12601
1114
201
14513
7502
20142
20572
12184
13309
5038
29806
16228
4305
22477
6784
28455
12254
13022
5858
11901
15525
29551
19134
13178
18488
3161
11097
29921
10911
149
20118
5271
4985
16721
8380
20055
3558
12867
10104
16038
31653
18494
30246
5642
19322
30211
14156
3191
28371
23385
28519
10506
21162
27232
23787
12794
24493
30498
6533
22731
17821
25963
24739
30404
5620
26843
7990
28068
29130
2873
12470
145
20217
27914
28007
14673
6272
29794
28124
11708
11813
24059
10169
14705
1887
25732
18365
32713
32114
29243
27903
18953
220
4286
10615
5596
15856
2846
27585
26624
29889
30262
13854
14143
2113
4923
18108
929
2218
16532
5431
28128
15645
27883
18783
25372
28809
16516
3900
12496
1487
28877
27727
5381
5924
29239
31259
7877
9398
31813
10724
29395
5778
5090
30135
18585
5573
4088
8874
13154
193
19518
30821
3017
32515
32338
4577
3441
30707
24839
11120
31991
28940
10752
4606
27173
5948
32126
6038
25193
30606
21622
12584
10117
11014
2279
8585
16007
31180
31850
21947
27388
14734
3339
22127
27233
27423
19543
29384
986
23396
11446
2146
16423
19312
6395
3219
24019
25582
10810
15088
21934
30655
28633
3347
894
23013
32234
24476
18162
19104
13752
26742
12503
16342
31904
25180
4238
3256
21795
4507
30142
11427
3641
1561
31302
13636
31975
16022
26742
13312
29715
4402
4478
31379
28312
32047
26662
7927
8086
18937
13248
12935
23819
5987
28507
29796
6312
17204
10554
792
23261
18402
30341
20857
29751
30877
20285
25296
22763
16015
26229
4667
23219
15203
21184
26960
13528
29956
6886
18947
7824
28327
31451
28618
22411
21259
29937
3071
25289
5119
844
389
25518
8998
32150
942
20824
10231
1781
7260
29744
22279
6202
23911
25023
20107
31324
16703
27332
7192
17700
32467
12163
20398
13865
21681
20063
16373
29695
3950
24747
25542
4524
20296
14782
25837
26203
20746
7237
20526
3413
15920
23006
1670
8748
18508
4322
21426
3385
5032
31873
19958
29769
13613
2837
25367
9108
18307
11952
13993
751
23418
7159
13713
27458
18345
27444
706
28731
6997
20390
8522
29252
14484
22812
32658
3251
22961
29634
18401
13377
1491
6714
6691
6590
14554
28142
4841
9475
17034
10661
17328
7207
8427
8789
102
19190
23023
19000
9770
16030
6230
27170
16212
27052
4047
1298
10421
17463
27744
6663
7200
15451
20743
14357
17448
2794
10658
6327
15660
16477
21516
13415
10129
7697
25737
1388
12111
4016
2404
27892
11439
22764
20950
28258
16979
19316
23594
13545
7286
6432
12063
5978
13685
5743
17038
3642
17294
308
31564
20504
13288
8076
7762
2077
22228
19219
32539
23269
8531
15448
27982
11661
10200
10894
9629
25358
13903
4996
18925
969
10589
16343
9399
867
27882
22374
15278
6354
17373
6662
30114
23736
15654
4215
22436
8688
31234
18839
7531
15463
10618
30678
12534
10798
23853
746
17779
21197
6992
25028
6496
20697
20979
20674
9200
31177
3974
14374
12720
6149
9371
